deepmatcher_structured_amazon_google
2755
779
1108
2488
2153
4920
6368
351
1263
6719
2298
313
5156
3562
0
1967
1830
1937
506
1184
3011
1384
5889
4125
5849
2243
1372
5736
6360
318
2617
6501
4380
953
1755
5307
2887
6535
6024
5686
5122
6187
900
2532
4557
5697
5344
2769
6801
5716
1620
3582
4156
793
567
4489
2626
2907
242
4731
4747
2515
5738
2807
713
621
1040
2999
1713
1390
6028
4869
1006
1115
3786
5820
1124
3937
4879
5498
6712
696
4813
2948
4223
3344
6343
1775
3300
6326
5121
1814
1469
2258
4991
5293
3523
4541
2842
2813
3434
1578
3290
4288
1622
5848
1424
6395
1842
5616
4986
2279
3684
5772
4607
5310
2283
779
5273
5507
1297
6005
6372
5661
1843
1153
4484
1422
1936
4964
6848
1586
6441
6353
4146
3156
3633
5884
4779
3610
1871
2798
5878
1270
6557
187
3517
5475
6393
2988
3681
5405
4740
6720
4273
5287
6088
723
5052
3359
153
5348
5629
3751
4663
1108
2601
2107
4999
3137
5288
4820
2775
6198
4935
4855
6210
669
2786
5015
3496
5835
5951
306
2076
1724
4933
5675
5833
1329
4973
333
1991
537
4927
2100
884
569
3886
3295
3271
1348
1940
5125
3553
6049
6527
683
5414
6255
4336
2324
5232
6334
4111
2530
2338
2822
6493
6348
200
2382
1906
5644
3865
859
1365
3204
5124
3141
2916
3949
539
5312
3945
4980
3524
3269
4030
4727
2376
2299
4861
2253
6112
3953
5450
2633
384
5824
6639
221
5058
4842
6703
912
1201
1679
4448
3183
4429
2710
3624
1909
3132
6459
6232
6819
3705
5004
4676
1858
451
3513
2094
4159
4743
4985
5779
5600
2246
71
3990
625
3997
6095
2505
6496
206
1915
3738
3056
945
2965
6707
2768
1715
1450
5497
5855
3100
5228
6440
5280
833
1912
5514
1607
6598
1876
4021
2507
6528
5922
2179
5874
568
6494
5549
3546
6743
3675
4618
4553
6424
376
5095
189
6715
4017
1308
239
2961
3801
1701
2837
4371
4596
6333
424
2206
1096
4989
3702
6834
5829
3124
6631
4060
4545
1277
5880
4202
5477
6448
5710
6158
4353
3179
6733
881
6733
3386
4929
81
4929
2925
5471
6625
169
3450
6673
247
6865
3883
1496
67
5385
2818
5604
1359
1371
6693
4696
4198
5400
5596
3330
27
914
4638
3170
5301
6713
2401
2144
6793
1498
4242
82
5529
2272
2269
1312
3462
459
2161
3317
49
6057
3695
2924
955
499
3175
3467
825
2855
3745
704
6860
1726
1445
6365
716
6838
5841
1628
2097
6719
5718
4961
2772
1455
3240
1699
690
2048
3419
671
4327
2182
5216
1412
5069
5256
6179
1243
6031
3583
3788
5587
1519
1502
3263
877
5991
2929
4116
162
2572
170
6359
5548
120
5785
3138
6791
6435
3016
5187
5643
4768
2574
2919
1694
4121
6139
4419
2290
5199
260
3566
6351
2926
5913
4750
3191
1515
3191
2819
1729
4924
492
2799
6222
5304
6657
341
4762
5608
2326
6408
2139
2170
6836
2789
6824
4760
5744
4008
672
2848
858
1605
411
5743
6382
3798
441
3440
3451
6756
2996
5191
6221
5983
3021
3368
6476
5518
5061
3449
5061
3234
5615
13
5078
3988
3296
1260
3296
6645
2347
5887
1920
3837
3587
5988
1962
4816
1962
3427
6270
4108
3495
1792
6659
6268
6659
2889
5420
3663
5721
4378
5454
6755
6614
2525
6853
4621
2581
3501
6452
4162
6760
1366
5782
1381
3816
59
3816
4803
2390
3872
4653
4790
4467
6547
4889
6686
1536
4193
5050
6325
1894
5222
772
1739
2713
2268
5873
3236
1123
3785
2360
588
6017
5334
1003
3826
3093
4910
1275
1465
383
1033
383
4824
1089
2140
1020
3058
5427
4708
6405
6573
2971
2028
3378
2112
2102
1014
2373
3609
5709
2733
902
4303
1593
6046
1593
2196
332
1883
5695
4687
2136
6081
2765
5504
1063
6026
6146
4199
5649
1827
5649
5496
4039
3683
5658
1378
5564
6287
5564
2351
6417
2078
2568
3297
5366
2778
555
1406
6478
5142
512
1761
2415
1819
3914
5677
2301
4433
5146
2636
3958
3225
3003
2485
3003
2167
5413
5867
1698
4669
3844
5540
2830
139
2830
4721
4337
1138
4020
3490
111
4007
2917
2894
37
3838
855
5226
2949
3591
532
5094
99
4212
99
4843
1314
155
4919
2444
414
3145
452
3874
6309
4573
2251
2446
2667
3157
6600
5955
864
2483
1010
6541
1010
5483
6554
4189
6116
3218
2496
2493
6338
3741
2622
795
2622
4936
2323
1683
1708
3489
2106
5632
2826
6447
2021
930
2021
3031
2193
4089
3280
1284
2083
4239
554
3687
771
5066
2843
4398
1700
6363
1860
5001
5091
5283
4916
5349
6728
5393
5728
6050
3538
786
2852
2747
6412
6517
3272
4594
2072
1172
2275
1570
2764
6208
5734
5992
4449
1892
5013
5702
1178
3477
3447
3466
1251
5220
1547
2877
182
5607
2108
2833
261
5843
227
5319
118
5196
982
2728
701
4979
4376
5356
4161
3258
3595
917
6040
3233
6593
2859
105
1418
4737
4751
3921
2645
981
4782
6823
5248
5758
3593
6532
3743
5563
3813
6032
6133
516
5215
168
1394
168
3539
1386
3126
3982
5935
1066
5739
1066
4770
403
6850
403
1712
782
5285
782
2259
5973
5810
4735
3616
5704
2656
326
4821
6193
5324
1028
617
892
5387
5799
6622
5924
3337
6871
6392
6651
5606
4667
5189
4650
3097
4110
6006
6409
3194
5683
3000
4387
3382
3370
2432
3370
2978
6178
5219
2689
2943
3112
4291
876
5097
5678
6020
3404
1197
4971
4300
3799
4690
4829
6297
2215
5258
2215
5470
2707
1856
6256
277
3494
3680
1441
1925
1793
3043
2354
5025
5409
6628
4718
5134
1005
6231
4880
2698
1433
2696
6644
4537
1758
6323
1758
1771
503
5257
2479
3560
2908
2256
3812
6439
5460
3621
5763
3278
2681
3885
2860
5197
4083
6623
6009
894
4725
5907
3939
5515
3260
5707
3260
3871
6185
5269
4748
556
2551
2219
2551
264
5891
1209
4345
6111
266
3412
5682
519
5533
3367
5399
2201
4186
6190
874
2609
931
4117
46
2838
1643
2998
1643
678
2824
616
2824
4640
1641
134
1641
3189
3029
5305
4274
135
4274
4115
4505
4040
6337
5492
1594
2974
2274
4968
2125
498
30
3535
5336
5647
154
6612
6224
5933
1684
3701
2556
6509
3428
4016
2115
3927
6611
2228
1550
2074
2017
6201
175
212
4244
6487
4462
257
4129
6213
1897
879
3008
4641
1638
2864
1236
6522
5382
5316
1266
4055
491
2654
1081
1551
199
5028
5294
5580
751
634
4229
3338
1337
5239
6722
2754
4777
5445
572
3142
6583
5545
2374
3231
3909
2022
3200
5923
3625
6258
1210
4366
1535
6330
2459
5936
305
2665
4206
5452
2704
5363
653
5086
6647
4911
5942
2462
5839
5656
6744
3374
6851
5082
1919
1180
6630
3634
1671
562
6350
1835
4765
357
6115
3311
6783
5573
1629
5749
2372
775
143
5074
1747
2977
1377
2892
4620
6291
4860
3926
1562
1738
2388
3313
1505
551
1798
6413
1160
6035
2478
4730
1517
2868
6748
5713
5318
908
379
5271
330
3355
1764
1722
303
5581
546
6566
15
4521
6751
3324
5118
3803
3648
2866
4723
4488
4723
1111
5398
3767
2976
3358
5259
691
4599
1195
5073
6653
4324
3864
2032
5049
1718
2875
1922
3336
6591
3602
1109
5468
2282
5018
1782
6364
1587
1762
236
721
58
6016
2127
4995
4461
1287
517
3201
5467
2955
5764
5834
4498
1560
4499
2239
5926
5240
4432
6401
3326
2240
6592
1421
5202
3312
1164
5846
2319
465
219
4774
219
6152
3054
2436
3054
2589
4518
1439
2882
1255
1848
1265
6362
4775
6051
6066
1545
4471
1728
764
6684
2534
2266
3623
4592
4705
622
1313
2297
591
2766
6377
2172
324
6847
2211
1767
4752
1692
3763
5546
3725
1488
5057
2339
6426
6262
4671
5029
1077
4236
3409
5377
785
1811
4509
1566
5528
1015
6039
5898
5666
353
1524
2412
5033
581
6718
2357
5267
2928
2714
535
2612
2185
3890
1667
340
6492
4019
3873
267
6672
5378
6797
5383
1189
3246
28
233
28
6785
4341
4227
1714
